102123.0 112000.0 90 40 48 44 1 111 48 40 -1 2377

3 102122.92090076514 19317762.4761 10461335.4467 14940335.366
11 102122.92823233681 7356582.29855 -24185459.7962 8171495.49286
14 102122.9325292086 15330171.0942 -12445616.9168 17774182.9924
16 102122.91397653228 -12686443.5119 -23322841.9635 963483.795809
17 102122.93108970538 13772084.1026 -6593085.20174 21741435.883
20 102122.93060075484 18084897.9513 -4974608.35112 18815388.5186
23 102122.91547972655 4852973.9719 -23720818.8854 -10936201.4564
3 102232.66093632569 19023393.8703 10637324.0068 15191673.0774
11 102232.66810978233 7631214.53225 -24207606.2554 7847641.13661
14 102232.67251827728 15675467.95 -12303298.9489 17570931.8702
16 102232.65418000153 -12464409.6525 -23425372.1352 1311312.16855
17 102232.6710156027 13973354.0956 -6218980.80279 21723230.8912
20 102232.67052241605 18004913.9324 -4594342.0983 18988001.5334
23 102232.65574216927 5141784.95726 -23797395.795 -10633678.0132
3 102342.40096739416 18724152.5055 10810587.849 15439119.4882
11 102342.40798291574 7903892.05375 -24223552.0437 7521776.65499
14 102342.41250359455 16016749.5849 -12157829.5445 17363180.0303
16 102342.39438311687 -12239183.072 -23521901.9665 1658804.65141
17 102342.41093935512 14171044.8695 -5843283.44563 21699461.5865
20 102342.41043960389 17920318.035 -4212899.0399 19155750.8457
23 102342.39600430084 5429278.88731 -23867877.0651 -10328430.7826
3 102452.1509939382 18420087.1104 10981098.0013 15682633.2225
11 102452.15785179121 8174569.58708 -24233293.6825 7193955.56169
14 102452.16248513432 16353959.117 -12009232.2851 17150961.1504
16 102452.14458588757 -12010800.5111 -23612414.7035 2005903.8395
17 102452.16086097997 14365123.3034 -5466054.92668 21670131.132
20 102452.16035236239 17831123.5931 -3830341.97755 19318608.1021
23 102452.14626608328 5715408.12652 -23932250.2283 -10020509.7784
2 102561.88400590784 19437285.7563 -10388244.0793 -14835950.0754
3 102561.89101592125 18111330.9803 11148779.7169 15922107.5303
11 102561.89771650059 8443128.47466 -24236826.9019 6864321.56497
14 102561.9024628771 16686948.7227 -11857572.3122 16934368.2625
16 102561.88478826739 -11779362.0873 -23696870.6678 2352457.57299
17 102561.90078051627 14555504.3188 -5087460.61317 21635252.3857
20 102561.90026076164 17737369.7076 -3446838.61431 19476501.9109
23 102561.8865274061 6000047.24259 -23990487.065 -9710049.98591
2 102671.6342277447 19724677.9102 -10208471.2708 -14579207.8973
3 102671.64103331581 17797906.9477 11313620.5962 16157524.7036
11 102671.64757709096 8709548.85776 -24234151.4414 6532899.04029
14 102671.65243679713 17015693.7784 -11702860.8411 16713417.3834
16 102671.63499028662 -11544884.9151 -23775263.6139 2698440.22469
17 102671.65069797261 14742173.8377 -4707528.50115 21594827.9273
20 102671.65016483952 17639063.3119 -3062417.30915 19629420.5967
23 102671.63678825645 6283175.18664 -24042583.2689 -9397074.36344
2 102781.37445113897 20006991.2343 -10026099.8486 -14318754.5141
3 102781.3810460931 17479952.4104 11475548.3776 16388781.5418
11 102781.38743365859 8973713.94504 -24225268.4745 6199833.27462
14 102781.39240687896 17340050.1713 -11545165.6937 16488205.373
16 102781.37519189932 -11307471.7836 -23847559.1765 3043700.12425
17 102781.39061338876 14925050.0293 -4326425.14304 21548875.478
20 102781.39006467152 17536247.5015 -2677246.5823 19777297.1248
23 102781.37704852255 6564667.84209 -24088516.0022 -9081720.11216
2 102891.12467605989 20284204.8514 -9841143.29882 -14054609.1863
3 102891.13105423124 17157490.881 11634551.0872 16615860.9445
11 102891.13728625147 9235604.20271 -24210178.6587 5865148.89714
14 102891.1423730985 17659993.9162 -11384498.5315 16258748.8856
16 102891.12539313367 -11067140.2494 -23913752.0094 3388211.74014
17 102891.14052677249 15104119.3706 -3944178.72039 21497398.4361
20 102891.1399602982 17428929.8798 -2291354.91596 19920120.5608
23 102891.12730819033 6844504.39271 -24128281.8683 -8764010.55241
2 103000.86490239241 20556197.2374 -9653682.70197 -13786887.7085
3 103000.8710577058 16830663.7193 11790559.0225 16838663.3664
11 103000.87713497318 9495104.82535 -24188888.6097 5528992.62467
14 103000.8823354444 17975384.7586 -11220929.7873 16025148.5095
16 103000.86559394668 -10823995.6678 -23973813.0953 3731824.0469
17 103000.88043816214 15279303.3624 -3560956.80014 21440419.3683
20 103000.87985179812 17317157.4924 -1904911.4749 20057828.2951
23 103000.86756715148 7122562.16482 -24161863.4349 -8444084.96058
2 103110.6151301033 20822948.2784 -9463731.92054 -13515609.8787
3 103110.62105649905 16499495.0938 11943560.6475 17057172.3322
11 103110.62697987327 9752196.62409 -24161399.9025 5191389.31489
14 103110.63229389413 18286199.3763 -11054471.5568 15787421.5194
16 103110.61579436659 -10578056.0191 -24027737.9929 4074511.63485
17 103110.63034756434 15450589.0507 -3176787.72049 21377942.4881
20 103110.62973921346 17200938.6052 -1517944.83538 20190410.1454
23 103110.61782539118 7398820.59623 -24189258.2188 -8121966.99506
2 103220.3553590766 21084341.0369 -9271374.22437 -13240894.6183
3 103220.36105059518 16164130.1811 12093488.8906 17271292.0536
11 103220.36682105921 10006766.8971 -24127724.5879 4852486.96415
14 103220.37224844116 18592301.5168 -10885196.8113 15545672.1291
16 103220.35599434859 -10329429.1174 -24075503.0629 4416124.27812
17 103220.37025501774 15617901.3485 -2791839.89121 21309995.1842
20 103220.36962262777 17080324.1658 -1130624.63336 20317807.9918
23 103220.35808280131 7673158.58181 -24210454.2109 -7797797.86477
2 103330.09558925395 21340333.1038 -9076641.68973 -12962787.7371
3 103330.10103998039 15824624.9045 12240319.4276 17480987.7925
11 103330.10665859753 10258773.9747 -24087869.07 4512341.6827
14 103330.11219906872 18893641.305 -10713133.8737 15299940.7876
16 103330.0961939049 -10078156.3639 -24117101.2639 4756605.74291
17 103330.11016053609 15781213.1856 -2406176.95102 21236589.4186
20 103330.10950209503 16955334.6817 -743014.840802 20440001.5176
23 103330.09833934343 7945531.10633 -24225448.7603 -7471631.35214
2 103439.84582058013 21590881.485 -8879566.13571 -12681334.6775
3 103439.85102464256 15481034.7389 12384027.5992 17686224.3312
10 103439.84398746015 -15498197.0065 -3068257.1153 21359325.717
11 103439.85649255518 10508175.91 -24041839.0833 4171009.44612
14 103439.86214576088 19190168.3499 -10538310.7644 15050267.5125
16 103439.84639304563 -9824278.87357 -24152524.8866 5095899.67291
17 103439.86006413179 15940497.0585 -2019862.4612 21157736.562
20 103439.85937766921 16825990.1866 -355179.398288 20556969.8423
23 103439.84859498029 8215892.9417 -24234238.5443 -7143521.02327
2 103549.58605293464 21835876.346 -8680233.9555 -12396658.8216
3 103549.59100457715 15133510.306 12524550.4077 17886911.7
10 103549.5841951463 -15328038.8305 -3452631.83046 21423343.9574
11 103549.59632304545 10754863.3721 -23989654.8065 3828639.88539
14 103549.6020885179 19481752.6622 -10360804.1217 14796761.7546
16 103549.58659172643 -9567907.94008 -24181758.4023 5433857.32995
17 103549.59996584368 16095683.1415 -1633065.77198 21073471.1819
20 103549.59924943985 16692347.3822 32711.6774374 20668661.6906
23 103549.58884960413 8484125.56776 -24236819.7099 -6813610.71399
2 103659.33628628092 22075299.5694 -8478659.88956 -12108781.2211
3 103659.34097977351 14782077.3048 12661877.4621 18083035.0591
10 103659.33440043793 -15153938.3851 -3836157.05771 21481879.7527
11 103659.3461501238 10998818.1195 -23931320.0993 3485258.3175
14 103659.35202732137 19768372.6805 -10180627.0721 14539442.2604
16 103659.33678997788 -9309062.52175 -24204799.6493 5770453.72252
17 103659.34986567337 16246759.9593 -1245815.48587 20983799.5096
20 103659.34911745002 16554416.1512 420629.703171 20775068.8039
23 103659.33910320267 8750209.1489 -24233192.0664 -6481924.82105
2 103769.07652049427 22309046.1974 -8274932.30314 -11817828.0747
3 103769.08095023541 14426889.7953 12795948.5623 18274508.4336
10 103769.07460321937 -14975971.9922 -4218664.66878 21534907.4426
11 103769.08597390616 11239933.2095 -23866860.5344 3141015.27174
14 103769.09196217598 20049902.7586 -9997858.6009 14278421.8326
16 103769.0769877558 -9047856.09012 -24221638.5269 6105541.29502
17 103769.08976366023 16393661.284 -858281.363315 20888760.8552
20 103769.08898179336 16412256.9595 808404.62601 20876144.5367
23 103769.07935566752 9014027.04045 -24223357.2042 -6148608.74773
2 103878.82675553735 22537098.9445 -8069066.26176 -11523820.898
3 103878.83091595785 14067974.043 12926753.7943 18461317.665
10 103878.82480344691 -14794152.8124 -4600126.37754 21582423.1062
11 103878.83579444783 11478190.8128 -23796280.879 2795936.20363
14 103878.84189306558 20326322.0784 -9812512.22364 14013719.7733
16 103878.8271850884 -8784307.96111 -24232273.79 6439095.26815
17 103878.8396598053 16536376.2529 -470492.061336 20788362.2468
20 103878.83884251452 16265880.3197 1196007.77139 20971881.4153
23 103878.82960698537 9275559.7333 -24207315.8508 -5813687.14263
2 103988.56699128466 22759357.8377 -7861152.0122 -11226888.5769
3 103988.57087694899 13705487.388 13054235.817 18643380.8616
10 103988.56500100609 -14608560.5513 -4980374.96031 21624405.914
11 103988.57561187066 11713486.4839 -23719612.0738 2450172.38655
14 103988.58181999954 20597509.4656 -9624669.19165 13745452.1216
16 103988.56738193407 -8518533.66779 -24236700.7764 6770969.42004
17 103988.57955414605 16674842.3036 -82617.5766552 20682647.6967
20 103988.57869970836 16115350.3997 1583269.22446 21062237.4718
23 103988.56985705189 9534692.5778 -24185075.0387 -5477306.82747
2 104098.3172276964 22975806.4408 -7651204.92958 -10927053.0694
3 104098.32083320813 13339456.6356 13178385.2039 18820684.561
10 104098.31519585426 -14419208.9336 -5359382.29806 21660852.7619
11 104098.32542623035 11945802.8238 -23636859.7886 2103749.38842
13 104098.31419190307 -16448329.1659 -11966756.2078 17090299.0253
14 104098.33174296354 20863444.8669 -9434343.39573 13473638.7155
16 104098.31757832086 -8250552.86386 -24234919.1588 7101139.20904
17 104098.32944668237 16809049.1972 305313.408545 20571625.0225
20 104098.32855342011 15960678.3313 1970160.34867 21147206.0251
23 104098.32010585327 9791406.41129 -24156636.4125 -5139492.67744
2 104208.05746464682 23186349.8679 -7439317.04973 -10624445.8161
3 104208.06078475188 12970042.2449 13299147.5314 18993151.0383
10 104208.05538787702 -14226180.9667 -5736982.24308 21691747.6729
11 104208.0652376512 12175037.9917 -23548060.3004 1756819.07174
13 104208.05443476352 -16112322.8324 -12116212.1353 17303744.2104
14 104208.07166197254 21124011.7039 -9241618.27004 13198398.7114
16 104208.05777420496 -7980483.02559 -24226929.7184 7429459.89681
17 104208.06933745224 16938938.1012 693130.835449 20455342.894
20 104208.06840374804 15801931.9187 2356511.54136 21226749.8278
23 104208.06035328592 10045588.6966 -24122012.4396 -4800392.7823
2 104317.79770207033 23390954.1769 -7225523.60863 -10319117.1393
3 104317.80073158762 12597305.6473 13416503.3321 19160752.4912
10 104317.79557701788 -14029509.0114 -6113112.66745 21717086.3072
11 104317.80504620717 12401154.5759 -23453229.0915 1409438.76331
13 104317.7946778993 -15772189.3709 -12262564.529 17512757.0896
14 104317.81157702117 21379167.7064 -9046525.9504 12919778.004
16 104317.79796959873 -7708369.01159 -24212734.6222 7755877.54911
17 104317.8092264638 17064488.1687 1080770.71373 20333821.2214
20 104317.80825075116 15639137.9188 2742259.11276 21300856.4939
23 104317.80059931379 10297197.8287 -24081209.6797 -4460063.28406
2 104427.54793990433 23589584.7828 -7009859.63589 -10011117.0665
3 104427.55067372383 12221307.9146 13530432.7696 19323460.5903
10 104427.54576321619 -13829225.0338 -6487711.28406 21736863.7231
11 104427.55485197261 12624114.827 -23352380.991 1061665.7412
13 104427.54492128333 -15427984.3619 -12405788.8067 17717302.5563
14 104427.56148810555 21628870.0183 -8849098.31621 12637822.1218
16 104427.54816451186 -7434255.45909 -24192335.3652 8080338.02559
17 104427.55911372419 17185678.0833 1468169.03385 20207079.3477
20 104427.55809448773 15472322.6501 3127339.30775 21369513.0484
23 104427.55084390177 10546191.9238 -24034234.0239 -4118560.19156
2 104537.28817801944 23782154.6105 -6792419.67351 -9700580.61768
3 104537.29061118829 11842213.875 13640885.9006 19481204.0092
10 104537.28594636223 -13625416.8339 -6860613.87796 21751071.2513
11 104537.2946550752 12843821.0054 -23245560.2085 713652.459657
13 104537.28516482159 -15079858.6967 -12545822.1823 17917290.9426
14 104537.3013952478 21873009.1773 -8649421.91488 12352654.6672
16 104537.28835890071 -7158262.5328 -24165740.89 8402699.09073
17 104537.29899927143 17302454.7186 1855155.97051 20075172.8335
20 104537.29793505982 15301559.2401 3511583.31759 21432689.3946
23 104537.29108694766 10792461.829 -23981106.0653 -3776033.21168
2 104647.03841637252 23968649.4196 -6573219.80106 -9387530.75677
3 104647.0405439871 11460051.5617 13747854.5579 19633971.0838
10 104647.03612641484 -13418099.4834 -7231792.87343 21759707.8415
11 104647.04445557398 13060256.8651 -23132774.6434 365424.652871
13 104647.03540850877 -14727838.1187 -12682654.3004 18112707.4593
14 104647.05129843848 22111567.1306 -8447511.51217 12064296.728
16 104647.03855279488 -6880410.64206 -24132953.1633 8722936.90639
17 104647.04888310021 17414809.4396 2241702.90719 19938111.4331
20 104647.04777251063 15126860.3166 3894962.72891 21490380.8613
23 104647.04132844078 11035989.3328 -23921829.733 -3432507.67412
2 104756.77865483069 24148987.4549 -6352356.11063 -9072104.71751
3 104756.78047215614 11074988.5052 13851291.8495 19781694.8457
10 104756.77630326897 -13207363.8657 -7601085.55463 21762769.7082
11 104756.78425359748 13273327.5266 -23014073.7381 17134.9744484
13 104756.7756522501 -14372076.9455 -12816225.1771 18303466.4406
14 104756.79119770412 22344439.3011 -8243455.6206 11772874.7132
16 104756.77874615081 -6600821.59036 -24093986.5587 9040911.08818
17 104756.78876524894 17522692.993 2627640.39185 19795955.2309
20 104756.787606945 14948302.4631 4277309.47856 21542562.1586
23 104756.78156827902 11276667.6787 -23856431.0126 -3088134.17234
2 104866.52889335014 24323155.3807 -6129844.93498 -8754325.82553
3 104866.5303957067 10687053.1802 13951190.1272 19924364.3718
10 104866.52647688295 -12993225.5646 -7968464.61283 21760256.6254
11 104866.53404920366 13483017.2345 -22889466.2706 -331190.821006
13 104866.52589603642 -14012601.4854 -12946524.9349 18489553.78
14 104866.54109303784 22571608.4691 -8037269.32974 11478410.1729
16 104866.52893899537 -6319516.05298 -24048843.9575 9356598.12234
17 104866.53864571202 17626097.4015 3012939.88557 19648714.7391
20 104866.53743840675 14765898.8838 4658595.29351 21589229.4283
23 104866.53180645085 11514479.0689 -23784914.7405 -2742938.17259
2 104976.26913179774 24491076.8457 -5905783.8178 -8434333.38764
3 104976.27031467861 10296415.6477 14047505.5984 20061917.1201
10 104976.26664715455 -12775778.4537 -8333768.99802 21752169.6952
11 104976.27384252561 13689234.0668 -22759006.8657 -679400.036962
13 104976.26613977118 -13649569.3238 -13073496.4535 18670887.9012
14 104976.28098447119 22792975.0504 -7829043.02651 11181032.193
16 104976.26913128716 -6036617.34741 -23997545.1495 9669859.61944
17 104976.27852452578 17724977.3354 3397432.48316 19496454.5044
20 104976.27726700017 14579729.5396 5038653.0284 21630362.2131
23 104976.2720428588 11749319.2525 -23707312.2682 -2397071.00059
2 105086.01937012738 24652739.4323 -5680189.32832 -8112151.06716
3 105086.02022908708 9903104.79467 14140231.1415 20194342.9196
10 105086.01681404398 -12555038.6132 -8696971.69646 21738509.5163
11 105086.02363362061 13891962.7748 -22622705.1708 -1027466.92479
13 105086.01638344384 -13283007.3067 -13197130.3434 18847455.3946
14 105086.03087199912 23008522.6761 -7618792.10887 10880762.7641
16 105086.01932305258 -5752146.39367 -23940093.9281 9980672.41423
17 105086.02840168352 17819325.483 3781089.75257 19339185.7862
20 105086.02709276878 14389808.1976 5417454.57948 21665957.472
23 105086.02227749118 11981170.8636 -23623629.3345 -2050558.23302
2 105195.75960820637 24808072.2714 -5453160.36188 -7787920.10126
3 105195.76013897957 9507293.03855 14229326.1083 20321583.7189
10 105195.7569774504 -12331102.8106 -9057913.489 21719282.0775
11 105195.76342262281 14091114.4879 -22480620.937 -1375238.90146
13 105195.75662695331 -12913076.1263 -13317372.4064 19019178.8573
14 105195.77075565903 23218156.8563 -7406608.74554 10577733.5167
16 105195.75951424774 -5466227.89687 -23876515.4787 10288900.254
17 105195.76827722236 17909100.4849 4163743.50854 19176977.5272
20 105195.7669158188 14196218.1142 5794833.89047 21695999.6012
23 105195.76251025172 12209932.2639 -23533902.6243 -1703551.77284
2 105305.49984596306 24957050.5914 -5224734.58426 -7461694.28227
3 105305.50004438305 9109046.04669 14314776.2913 20443619.2273
10 105305.49713732385 -12104008.4419 -9416535.11385 21694491.3134
11 105305.50320960862 14286656.8272 -22332778.4047 -1722658.61103
13 105305.49687026795 -12539837.2977 -13434203.2611 19186030.6095
14 105305.51063545785 23421843.8015 -7192528.2198 10271994.8405
16 105305.49970488362 -5178909.24368 -23806821.1318 10594492.6214
17 105305.50815114506 17994288.1496 4545330.73462 19009857.1736
20 105305.50673620912 13998991.7414 6170728.87301 21720484.4021
23 105305.50274110839 12435566.1205 -23438147.7727 -1356108.95869
2 105415.25008332865 25099648.9325 -4994949.50996 -7133527.18643
3 105415.24994532485 8708429.22261 14396567.0878 20560428.5904
10 105415.24729361058 -11873792.5614 -9772777.05796 21664140.5564
11 105415.25299465495 14478557.0229 -22179201.1902 -2069668.65937
13 105415.24711335108 -12163351.9778 -13547603.1563 19347982.4438
14 105415.26051140447 23619549.0783 -6976585.60947 9963596.83202
16 105415.24989496823 -4890237.66909 -23731021.5558 10897398.7133
17 105415.25802345382 18074873.7889 4925788.2989 18837851.64
20 105415.25655399739 13798161.1371 6545077.27802 21739407.0738
23 105415.25297002985 12658034.7616 -23336379.762 -1008287.08193
2 105524.99032016803 25235804.7829 -4763905.87138 -6803562.67452
3 105524.98984186263 8305618.18647 14474662.6435 20671960.6026
10 105524.98744621649 -11640556.0903 -10126483.1537 21628243.1119
11 105524.99277789694 14666730.9513 -22019956.618 -2416116.92678
13 105524.9873560994 -11783785.2091 -13657522.3802 19504963.3643
14 105525.0003835433 23811186.0184 -6758875.5783 9652674.68497
16 105524.99008445747 -4600339.71968 -23649149.9795 11197485.7433
17 105524.9978941858 18150822.0765 5304949.41877 18661036.329
20 105524.99636929164 13593814.3404 6917715.00136 21752759.3215
23 105524.99319692225 12877240.6624 -23228643.2051 -660238.619383
2 105634.7405564321 25365508.0742 -4531620.75413 -6471825.14733
3 105634.73973401703 7900642.72518 14549057.1839 20778207.0172
10 105634.73759510579 -11404316.2765 -10477627.2451 21586801.6352
11 105634.74255939324 14851164.698 -21855056.4638 -2761977.79489
13 105634.737598498 -11401165.0602 -13763952.8044 19656961.7625
14 105634.75025187436 23996740.4515 -6539414.22547 9339251.39137
16 105634.74027337835 -4309236.83305 -23561212.4572 11494731.5203
17 105634.74776332926 18222127.3962 5682786.05647 18479424.3161
20 105634.74618213096 13385966.4621 7288614.48801 21760540.1583
23 105634.7434217777 13093167.6129 -23114946.0694 -311989.308972
2 105744.48079198312 25488701.9476 -4298195.98659 -6138460.03084
3 105744.47962185316 7493680.36954 14619718.0968 20879121.2591
10 105744.47774019038 -11165176.6823 -10826055.3993 21539834.2938
11 105744.48233927823 15031777.4123 -21684573.0155 -3107099.64777
13 105744.47784044305 -11015659.2626 -13866847.7723 19803911.0059
14 105744.49011644602 24176131.036 -6318297.75725 9023464.34803
16 105744.48046168679 -4017056.6216 -23467247.5387 11789005.7392
17 105744.48763092175 18288758.49 6059132.57835 18293095.2152
20 105744.48599262498 13174708.6173 7657613.14576 21762746.1737
23 105744.48364450318 13305720.9561 -22995338.1974 36308.1851251
2 105854.23102677177 25605377.2929 -4063648.83046 -5803491.97732
3 105854.22950539606 7084761.21334 14686640.1574 20974695.8666
10 105854.22788143484 -10923154.9921 -11171741.8508 21487344.5614
11 105854.23211760882 15208555.739 -21508518.88 -3451456.96514
13 105854.22808191583 -10627296.3245 -13966199.6751 19945800.2278
14 105854.239977261 24349344.5072 -6095542.52468 8705336.90663
16 105854.23064940683 -3723820.69168 -23367262.1726 12080286.6387
17 105854.23749695167 18350710.4309 6433961.1548 18102062.8051
20 105854.2358008128 12960056.428 8024683.6887 21759377.2048
23 105854.23386509022 13514884.9741 -22869828.4344 384628.106578
2 105963.97126066074 25715482.9627 -3828082.10572 -5467067.82893
3 105963.96938471374 6674064.51616 14749794.0295 21064888.943
10 105963.96801875549 -10678357.3025 -11514535.0592 21429355.4488
11 105963.97189452268 15381422.1833 -21326971.2348 -3794898.7902
13 105963.96832281098 -10236246.495 -14061964.9592 20082567.2274
14 105963.9798343726 24516304.9336 -5871246.17793 8385008.5261
16 105963.97083649601 -3429657.59078 -23261300.1903 12368446.5285
17 105963.97736145445 18407956.061 6807107.47083 17906410.8296
20 105963.97560680196 12742103.9922 8389665.20313 21750434.7288
23 105963.97408345097 13720567.9746 -22738471.801 732817.760288
2 106073.72149359867 25819010.8149 -3591513.23249 -5129212.46417
3 106073.71925983448 6261620.64787 14809175.0433 21149693.8195
10 106073.71815211969 -10430801.7164 -11854409.6758 21365871.2449
11 106073.72167007523 15550363.9627 -21139943.5048 -4137399.72691
13 106073.71856310833 -9842538.69186 -14154136.5429 20214201.8909
14 106073.72968778512 24676999.9695 -5645425.30316 8062502.89391
16 106073.72102297767 -3134589.07187 -23149369.4275 12653464.0997
17 106073.72722441753 18460491.1473 7178543.93347 17706153.7567
20 106073.72541063055 12520867.4267 8752530.7002 21735919.4074
23 106073.72429957706 13922754.7478 -22601278.0114 1080851.39792
2 106183.46172544968 25915915.4654 -3354045.91704 -4790073.99094
3 106183.45913083266 5847610.41313 14864757.1682 21229073.3205
10 106183.45828144648 -10180596.7564 -12191216.708 21296919.7802
11 106183.46144440405 15715307.0179 -20947517.6781 -4478809.63226
13 106183.45880269837 -9446345.50746 -14242674.0204 20340646.5129
14 106183.4695375577 24831359.1711 -5418178.89442 7737961.38823
16 106183.46120880655 -2838744.48581 -23031518.952 12935214.4075
17 106183.46708587749 18508292.66 7548107.71477 17501379.3742
20 106183.46521240694 12296443.7158 9113121.10961 21715837.6041
23 106183.46451338241 14121356.6599 -22458307.2085 1428576.4499
2 106293.20195613793 26006181.8261 -3115719.47468 -4449708.55733
3 106293.19899775127 5432102.35475 14916531.7506 21303015.0871
10 106293.19840669722 -9927784.07954 -12524900.9878 21222513.1824
11 106293.20121758398 15876224.6732 -20749726.2504 -4819072.30913
13 106293.1990415402 -9047732.6706 -14327563.2759 20461880.934
14 106293.2093837091 24979357.9294 -5189544.65162 7411437.85011
16 106293.20139399086 -2542172.76568 -22907769.0235 13213651.3976
17 106293.2069458324 18551353.357 7915738.07754 17292122.0956
20 106293.20501218576 12068870.3343 9471377.23046 21690193.3941
23 106293.20472484053 14316341.4233 -22309583.7785 1775935.56873
2 106402.95218559036 26089794.0899 -2876573.12769 -4108172.17856
3 106402.94886063297 5015164.85329 14964489.7243 21371506.1717
10 106402.94852782985 -9672405.06023 -12855407.009 21142662.9885
11 106402.9509896905 16033089.8172 -20546601.1364 -5158131.43614
13 106402.94927958788 -8646765.64809 -14408789.7985 20577884.4304
14 106402.95922626046 25120970.9464 -4959560.12434 7082985.9059
16 106402.95157853543 -2244922.76583 -22778139.2624 13488728.6569
17 106402.95680428027 18589665.4828 8281374.07515 17078415.8494
20 106402.95481002012 11838184.4158 9827239.60906 21658990.2503
23 106402.95493392547 14507676.3585 -22155131.4845 2122871.36731
2 106512.69241367021 26166715.6034 -2636711.71224 -3765614.57619
3 106512.68871956065 4596980.6832 15008610.0663 21434516.5501
10 106512.68864477213 -9414571.65072 -13182589.8862 21057404.2034
11 106512.69076086028 16185833.6846 -20338231.381 -5495838.37908
13 106512.68951673029 -8243620.21443 -14486317.9806 20688606.149
14 106512.69906527728 25256136.1434 -4728326.13183 6752749.5404
16 106512.69176239453 -1947124.79342 -22642686.4953 13760325.5984
17 106512.69666125793 18623212.2425 8644855.42245 16860354.3188
20 106512.6946060186 11604487.0868 10180552.2451 21622241.8518
23 106512.69514055451 14695277.589 -21995018.0353 2469231.75736
2 106622.44264032389 26236940.6786 -2396152.96603 -3422061.08229
3 106622.43857456597 4177580.76789 15048889.5144 21492041.5636
10 106622.43875749805 -9154302.91772 -13506425.425 20966743.1326
11 106622.44053114849 16334444.9807 -20124632.3921 -5832168.16599
13 106622.43975294288 -7838326.18204 -14560142.0889 20794037.9021
14 106622.44890076839 25384843.5261 -4495859.77318 6420753.17366
16 106622.4419455911 -1648800.87021 -22501420.739 14028422.1379
17 106622.44651674815 18651991.1557 9006155.24119 16637953.629
20 106622.44440021312 11367795.6286 10531289.0125 21579950.9161
23 106622.44534472364 14879131.2422 -21829255.2713 2814991.12589
2 106732.18286541323 26300438.5307 -2155002.34438 -3077662.30266
3 106732.17842573818 3757148.96121 15085310.4116 21544055.9954
10 106732.17886594248 -8891712.95695 -13826771.6642 20870719.5203
11 106732.18030068974 16478858.5584 -19905897.8059 -6166973.35911
13 106732.17998811451 -7431061.22229 -14630229.7609 20894133.4712
14 106732.18873280255 25507036.673 -4262262.95558 6087142.34423
16 106732.18212807926 -1350081.77412 -22354403.9209 14292900.7484
17 106732.18637078819 18675989.6065 9365115.14707 16411311.2748
20 106732.18419271291 11128213.8003 10879296.1581 21532135.9827
23 106732.18554635176 15059156.7213 -21657915.8594 3159997.90037
2 106841.93308888494 26357204.4643 -1913277.68033 -2732443.70551
3 106841.92827311225 3335716.35271 15117870.065 21590555.9996
10 106841.9289700805 -8626821.18686 -14143604.9152 20769340.468
11 106841.93006953702 16619063.7391 -19682043.7971 -6500229.20104
13 106841.93022221696 -7021855.45224 -14696575.8138 20988885.4544
14 106841.93856139109 25622706.5491 -4027552.95282 5751941.72162
16 106841.9323098788 -1050989.59505 -22201646.913 14553741.8722
17 106841.93622336145 18695205.8207 9721708.59621 16180444.016
20 106841.93398354949 10885759.3184 11224547.948 21478800.5877
23 106841.93574543452 15235340.714 -21481012.4703 3504226.56792
2 106951.67331060216 26407213.595 -1671084.9403 -2386556.62658
3 106951.66811677902 2913467.68729 15146554.202 21631521.1925
10 106951.66906985303 -8359743.72973 -14456786.2863 20662650.4182
11 106951.66983782715 16754999.0608 -19453168.497 -6831789.60158
13 106951.67045513802 -6610888.25807 -14759151.1631 21078252.3148
14 106951.67838660737 25731802.4485 -3791832.65562 5415298.24902
16 106951.67249094497 -751655.44769 -22043216.6802 14810831.163
17 106951.67607450316 18709631.3744 10075779.2675 15945453.0587
20 106951.67377282878 10640538.4683 11566893.0334 21419968.112
23 106951.67594189635 15407605.9856 -21298622.6547 3847526.22708
2 107061.42353051016 26450462.2248 -1428442.03437 -2040026.64414
3 107061.41795677585 2490434.18878 15171360.7016 21666948.5455
10 107061.41916523872 -8090500.33584 -14766292.6188 20550657.2613
11 107061.4196056111 16886654.4716 -19219288.8303 -7161630.04325
13 107061.42068684811 -6198190.03064 -14817951.1815 21162227.4439
14 107061.42820846384 25834316.3043 -3555119.49475 5077236.82016
16 107061.42267129656 -452101.467423 -21879124.9383 15064149.6095
17 107061.42592419597 18719265.2011 10427300.9785 15706355.7802
20 107061.42356058094 10392569.3834 11906306.0993 21355642.9063
23 107061.42613573339 15575939.7975 -21110759.9004 4189871.49124
2 107171.16374847469 26486931.395 -1185455.33151 -1693005.66878
3 107171.15779319839 2066801.30381 15192278.6898 21696822.5287
10 107171.15925618233 -7819209.0351 -15071988.2331 20433410.093
11 107171.15937302468 17013972.2574 -18980507.3233 -7489605.93306
13 107171.1609172316 -5783941.68714 -14872950.0927 21240774.0292
14 107171.1680270393 25930203.1779 -3317517.23905 4737905.63228
16 107171.16285088584 -152458.971387 -21709443.6213 15313586.1631
17 107171.16577247673 18724103.0779 10776119.6316 15463256.9944
20 107171.16334691191 10141960.7667 12242638.3563 21285853.1693
23 107171.1663268722 15740268.3567 -20917506.5623 4531112.28459
2 107280.90396441851 26516616.0134 -942164.982165 -1345551.0413
3 107280.89762610101 1642639.03093 15209305.2461 21721138.9712
10 107280.89934266091 -7545914.88225 -15373823.1977 20310928.9826
11 107280.89914013814 17136931.9987 -18736864.0546 -7815663.39671
13 107280.90114623908 -5368211.8085 -14924139.339 21313879.8493
14 107280.9078423628 26019448.1504 -3079065.2241 4397360.86243
16 107280.90302971675 147222.574478 -21534201.498 15559100.1867
17 107280.90561933981 18724144.8619 11122178.0267 15216197.3697
20 107280.90313186917 9888754.33956 12575834.7173 21210611.166
23 107280.90651529335 15900565.0895 -20718895.2727 4871192.43873
2 107390.65417826724 26539510.2531 -698611.10387 -997720.05548
3 107390.64745553708 1218017.31132 15222437.0285 21739893.1001
10 107390.64942464854 -7270662.71511 -15671747.163 20183233.4328
11 107390.64890702264 17255512.8037 -18488398.576 -8139748.35214
13 107390.65137381638 -4951068.81521 -14971509.9502 21381532.0933
14 107390.65765446614 26102035.5834 -2839802.69348 4055658.55624
16 107390.65320778966 446893.708455 -21353426.7346 15800650.6184
17 107390.65546478018 18719389.8908 11465418.6651 14965217.1455
20 107390.65291549868 9632991.54192 12905839.7553 21129928.5712
23 107390.65670097772 16056802.9856 -20514958.0835 5210055.65955
2 107500.39438988765 26555604.0783 -454900.46492 -649665.192241
3 107500.38728160878 793122.287763 15231668.2808 21753076.6946
10 107500.38950210025 -6993573.19764 -15965629.5269 20050379.4228
11 107500.38867381154 17369662.6898 -18235219.808 -8461718.72939
13 107500.39159984712 -4532695.57293 -15015041.1604 21443701.1044
14 107500.39746343333 26177929.2734 -2599834.53354 3712948.50693
16 107500.39338505604 746423.062049 -21167198.5786 16038131.5684
17 107500.39530883514 18709840.2493 11805691.0792 14710426.345
20 107500.39269790544 9374784.49339 13232508.8052 21043840.7541
23 107500.3968838561 16208913.5544 -20305784.3962 5547553.39774
2 107610.14459922409 26564896.2993 -211051.087621 -301412.190107
3 107610.13710435439 367985.379694 15236998.3207 21760688.7804
10 107610.1395750036 -6714666.82038 -16255448.5579 19912376.7776
11 107610.13844055453 17479373.2162 -17977346.4722 -8781550.72009
13 107610.14182429787 -4113123.02019 -15054729.7506 21500382.2854
14 107610.14726928053 26247123.6089 -2359178.4891 3369256.05676
16 107610.14356153333 1045788.48546 -20975530.8015 16271525.4755
17 107610.1451514833 18695496.6437 12142970.107 14451843.8093
20 107610.14247911227 9114152.28745 13555817.7112 20952354.0807
23 107610.14706392944 16356885.5478 -20091389.6795 5883660.69582
2 107719.8848061434 26567382.8429 32830.130207 46886.2850162
3 107719.87692388118 -57207.0443121 15238424.8119 21762726.021
10 107719.87964332155 -6434065.84916 -16541077.207 19769285.9947
11 107719.87820738187 17584596.2887 -17714891.613 -9099104.11865
13 107719.8820470529 -3692535.08771 -15090558.3224 21551550.7888
14 107719.8870720941 26309588.2575 -2117940.05739 3024731.87135
16 107719.88373717283 1344858.74422 -20778507.4257 16500730.0256
17 107719.88499276248 18676365.362 12477107.8943 14189582.8944
20 107719.88225922419 8851209.1783 13875624.7436 20855508.6564
23 107719.88724113081 16500654.0989 -19871867.919 6218230.21262
2 107829.63501059098 26563063.5257 276725.15366 395204.476615
3 107829.62674022962 -482423.542881 15235947.6494 21759188.2663
10 107829.6297070433 -6151791.03415 -16822494.3531 19621117.6561
11 107829.62797434088 17685324.1266 -17447874.638 -9414355.44331
13 107829.63226807538 -3270962.87777 -15122524.2266 21597202.8311
14 107829.63687189229 26365318.6008 -1876137.07713 2679401.42708
16 107829.63391198861 1643611.72246 -20576143.0212 16725728.2693
17 107829.63483265239 18652447.8193 12808079.7329 13923662.9939
20 107829.63203826346 8585974.60962 14191906.2539 20753311.6428
23 107829.63741546105 16640208.5764 -19647235.3487 6551237.20725
2 107939.37521243608 26551940.2418 520527.064926 743389.69023
3 107939.36655350709 -907477.712573 15229567.9194 21750077.0677
10 107939.36976613908 -5867966.11778 -17099576.6303 19467936.7157
11 107939.36774156311 17781512.5735 -17176412.6001 -9727166.49649
13 107939.37248724936 -2848591.19769 -15150613.4502 21637318.3998
14 107939.3766687655 26414290.2086 -1633875.54831 2333416.10759
16 107939.37408593258 1941916.45421 -20368526.2995 16946421.5731
17 107939.37467118901 18623754.5003 13135740.5334 13654200.6801
20 107939.37181633091 8318564.85315 14504523.5929 20645807.8405
23 107939.37758685891 16775487.8035 -19417590.4423 6882535.69767
2 108049.12541162355 26534013.8141 764217.834981 1091416.17775
3 108049.11636375559 -1332338.12228 15219286.094 21735393.0992
10 108049.11982060225 -5582612.08858 -17372303.5496 19309754.5016
11 108049.1175090936 17873154.5165 -16900525.5728 -10037514.1471
13 108049.12270453699 -2425451.28167 -15174823.9161 21671894.5285
14 108049.12646273257 26456499.4601 -1391173.3853 1986801.49725
16 108049.12425901767 2239750.88023 -20155672.6138 17162793.617
17 108049.12450835154 18590287.5272 13460066.0665 13381215.8791
20 108049.12159344729 8048999.68287 14813453.644 20533005.199
23 108049.12775532606 16906481.7766 -19182950.1823 7212101.18491
2 108158.86560802654 26509292.1018 1007690.63558 1439131.37261
3 108158.8561710857 -1756818.52469 15205106.6808 21715142.7985
10 108158.8598704076 -5295854.03879 -17640555.5548 19146640.3575
11 108158.85727706224 17960209.7824 -16620334.4972 -10345262.3472
13 108158.86291981983 -2001728.62424 -15195145.0115 21700916.0603
14 108158.8662538887 26491927.8526 -1148136.98222 1639709.54263
16 108158.8644311927 2536984.43719 -19937675.2741 17374749.549
17 108158.86434417816 18552061.5711 13780914.1565 13104828.2604
20 108158.86136971295 7777397.26891 15118560.9806 20414953.1681
23 108158.8679208037 17033133.0716 -18943417.4296 7539789.19562
2 108268.60580157039 26477780.114 1250905.31288 1786477.92921
3 108268.59597555826 -2180848.91542 15187032.5529 21689330.2687
10 108268.59991555117 -5007739.48764 -17904288.9852 18978621.8789
11 108268.5970455327 18042664.6303 -16335886.2044 -10650360.6612
13 108268.60313304192 -1577493.23778 -15211573.914 21724378.9647
14 108268.60604227103 26520570.4661 -904806.495597 1292197.59317
16 108268.60460245611 2833568.15097 -19714570.9624 17582254.9908
17 108268.60417866081 18509083.5914 14098232.3257 12825083.9045
20 108268.60114516653 7503802.71507 15419795.7703 20291671.9488
23 108268.6080832806 17155421.3795 -18699032.3863 7865545.90399
2 108378.35599218337 26439482.125 1493821.68513 2133398.46205
3 108378.34577723243 -2604359.24136 15165066.1616 21657959.0109
10 108378.34995602645 -4718315.80745 -18163459.6906 18805726.1298
11 108378.34681456993 18120504.8212 -16047227.0642 -10952758.3666
13 108378.35334414279 -1152815.07914 -15224107.3802 21742278.6094
14 108378.35582791969 26542421.6458 -661222.050085 944322.952842
16 108378.35477280256 3129452.97705 -19486395.8075 17785275.0824
17 108378.35401179265 18461360.0329 14411967.7141 12542028.5282
20 108378.35091984528 7228260.90941 15717107.7611 20163181.1754
23 108378.35824274555 17273325.9187 -18449834.7293 8189317.27503
2 108488.09617974186 26394414.924 1736333.26358 2479740.88943
3 108488.08557622324 -3027163.8471 15139217.1368 21621042.7775
10 108488.08999181935 -4427709.87441 -18417954.0577 18628028.9042
11 108488.08658430012 18193696.2319 -15754483.6167 -11252322.9004
13 108488.09355300461 -727880.317144 -15232739.9158 21754607.148
14 108488.09561093374 26557471.8132 -417490.426547 596238.120507
16 108488.09494217989 3424509.20677 -19253249.836 17983720.8248
17 108488.09384361262 18408911.8166 14721982.7885 12255786.2157
20 108488.09069384776 6950892.64204 16010366.6196 20029537.175
23 108488.09839914463 17386795.003 -18195933.701 8510961.37546
2 108597.84636419176 26342581.8444 1978422.11468 2825479.59958
3 108597.8353725713 -3449231.46793 15109487.3901 21578584.299
10 108597.84002293367 -4135943.17839 -18667753.2679 18445543.3429
11 108597.8363547665 18262233.4501 -15457677.509 -11549032.111
13 108597.84375958674 -302720.375505 -15237470.8827 21761363.669
14 108597.84539133462 26565719.8559 -173629.648012 247968.835719
16 108597.84511059875 3718715.02113 -19015150.2889 18177577.5433
17 108597.8436740965 18351742.8209 15028254.6243 11966378.134
20 108597.84046718696 6671718.42333 16299550.6605 19890749.8302
23 108597.84855248446 17495820.242 -17937348.0774 8830454.42031
2 108707.58654541128 26284005.6092 2219982.11248 3170463.02894
3 108707.5751663954 -3870377.08092 15075889.9545 21530602.1883
10 108707.58004936358 -3843143.62267 -18912747.816 18258349.4436
11 108707.57612609134 18326086.431 -15156938.8528 -11842755.9292
13 108707.58396377298 122478.365755 -15238298.2073 21762545.2109
14 108707.58516922273 26567162.1587 70253.3835376 -100332.229666
16 108707.5852780068 4011941.44751 -18772201.5433 18366760.2559
17 108707.58350328382 18289878.1074 15330648.9601 11673931.1518
20 108707.580239961 6390860.63573 16584533.1133 19746879.9816
23 108707.58870271393 17600353.8421 -17674191.2166 9147656.35185
2 108817.33672334826 26218690.5506 2460995.39381 3514665.66628
3 108817.32495773735 -4290569.5441 15038427.3146 21477099.9939
10 108817.33007111472 -3549332.85927 -19152919.5859 18066461.0494
11 108817.3258983155 18385250.4526 -14852289.8864 -12133472.6351
13 108817.33416551986 547684.463435 -15235221.8286 21758151.6867
14 108817.33494462112 26561798.6154 314140.633898 -448639.320139
16 108817.33544441122 4304166.80224 -18524421.5651 18551254.9731
17 108817.33333115194 18223322.251 15629143.4351 11378466.895
20 108817.33001218231 6108340.04763 16865292.9049 19597938.268
23 108817.33884983967 17700388.0735 -17406482.5791 9462543.71364
2 108927.07689788454 26146665.3018 2701356.30426 3857936.62143
3 108927.06474671466 -4709624.65654 14997115.8935 21418101.1701
10 108927.0700881892 -3254639.68749 -19388163.293 17869962.2801
11 108927.06567156184 18439699.5791 -14543864.1594 -12421054.7864
13 108927.07436471205 972711.5173 -15228243.0954 21748185.0229
14 108927.07471763354 26549631.5776 557925.189502 -796799.747298
16 108927.07560975988 4595262.98088 -18271918.9751 18730980.8169
17 108927.07315773887 18152104.4282 15923607.1972 11080114.8874
20 108927.0697839443 5824280.50846 17141706.9576 19443989.9815
23 108927.07899381628 17795879.084 -17134339.5221 9774978.46698
2 109036.82706896855 26067935.1896 2941047.06935 4200250.50983
3 109036.81453336986 -5127511.43089 14951958.746 21353610.0799
10 109036.82010059705 -2959085.89934 -19618461.5421 17668867.6667
11 109036.81544586875 18489429.7839 -14231684.4787 -12705481.1175
13 109036.82456130565 1397528.09687 -15217362.5242 21732645.9568
14 109036.82448828309 26530661.9455 801589.023443 -1144787.76606
16 109036.82577405864 4885208.45728 -18014712.4457 18905924.497
17 109036.82298302167 18076229.9055 16214018.4719 10778897.1912
20 109036.8195552579 5538703.02336 17413754.8319 19285046.5059
23 109036.82913465134 17886819.8127 -16857782.1705 10084937.508
2 109146.56723648749 25982534.7282 3179962.61446 4541457.26936
3 109146.55431782219 -5544046.67699 14902975.6681 21283654.9949
10 109146.56010834513 -2662801.05818 -19843713.377 17463265.3647
11 109146.55522135702 18534419.2666 -13915887.6951 -12986626.9435
13 109146.5647551841 1821947.97269 -15202584.885 21711541.3009
14 109146.56425667752 26504898.0354 1045025.32011 -1492450.82792
16 109146.56593725234 5173876.12648 -17752914.7301 19076009.3226
17 109146.562807041 17995731.9444 16500249.9506 10474945.8525
20 109146.55932621572 5251732.78181 17681317.2692 19121177.518
23 109146.56927230208 17973170.3937 -16576931.7607 10392284.9585
2 109256.30740037415 25890478.9245 3418063.61418 4881500.73751
3 109256.29410013431 -5959161.83462 14850175.2671 21208248.2074
10 109256.30011145007 -2365834.16338 -20063882.3121 17253189.9236
11 109256.2949980826 18574661.2498 -13596526.422 -13264446.3123
13 109256.30494628794 2245901.15127 -15183913.1497 21684875.2992
14 109256.30402285956 26472345.0282 1288193.93385 -1839731.59892
16 109256.30609933287 5461218.5206 -17486569.6637 19241207.8864
17 109256.3026297878 17910624.4625 16782254.9649 10168311.4094
20 109256.29909684695 4963417.33583 17944350.7241 18952410.7358
23 109256.30940676594 18054917.2033 -16291835.2321 10696970.4502
2 109366.05756056421 25791782.0648 3655310.6549 5220324.62581
10 109366.05010992606 -2068234.14042 -20278931.3112 17038675.4085
11 109366.04477610307 18610148.442 -13273652.8867 -13538892.9115
13 109366.05513455362 2669317.58858 -15161349.8682 21652651.5938
14 109366.05378687501 26433007.3697 1531054.69 -2186572.70374
16 109366.05626028824 5747188.02825 -17215720.5895 19401492.2522
17 109366.05245125471 17820920.8779 17059986.3884 9859044.10936
20 109366.0488671795 4673804.09176 18202811.1606 18778773.3472
23 109366.05953804016 18132046.119 -16002539.0642 10998943.3265
2 109475.79771695063 25686487.4161 3891599.73329 5557780.40213
10 109475.79010379112 -1770131.44962 -20488766.103 16819815.8578
11 109475.7845555346 18640865.2865 -12947408.6281 -13809846.431
13 109475.79531986701 3092011.669 -15134904.9323 21614884.3113
14 109475.7935488341 26386902.3049 1773501.12504 -2532822.09668
16 109475.7964200623 6031659.28743 -16940486.2412 19556792.1555
17 109475.79227148343 17726660.5146 17333322.4712 9547279.52716
20 109475.78863730378 4383020.00823 18456585.2764 18600341.4701
23 109475.79966608713 18204523.3298 -15709170.0775 11298071.2102
2 109585.54786948519 25574602.7656 4126913.37608 5893843.11205
10 109585.5400930662 -1471548.13498 -20693371.1714 16596627.4559
11 109585.53433641353 18666809.5115 -12617817.7705 -14077286.8349
13 109585.54550218326 3513952.13465 -15104580.2977 21571576.2448
14 109585.54330876141 26334033.2433 2015515.31104 -2878454.17402
16 109585.54657865786 6314611.26192 -16660886.9722 19707096.1121
17 109585.54209044843 17627850.3429 17602243.0011 9233040.71685
20 109585.53840722295 4091086.58765 18705654.3061 18417128.2988
23 109585.54979091928 18272343.4765 -15411749.9668 11594331.9815
2 109695.28801806441 25456177.1615 4361148.42754 6228365.43389
10 109695.28007777726 -1172615.0878 -20892656.8235 16369208.0436
11 109695.27411885154 18687969.7438 -12285024.7975 -14341096.8842
13 109695.28568139093 3934954.01698 -15070389.2584 21522746.3802
14 109695.28306676741 26274423.3618 2256991.15558 -3223317.42008
16 109695.28673601858 6595919.91252 -16377045.3521 19852338.2327
17 109695.28190819209 17524533.6788 17866630.0905 8916465.43254
20 109695.27817702664 3798131.80577 18949909.0644 18229214.1492
23 109695.28991250212 18335476.829 -15110409.1138 11887595.7673
2 109805.03816264305 25331219.3619 4594287.56631 6561322.63022
10 109805.03005794682 -873354.413451 -21086608.3232 16137574.4384
13 109805.03585744325 4354986.18327 -15032334.3431 21468398.3288
14 109805.03282287787 26208077.0685 2497910.80253 -3567386.33365
16 109805.0368921439 6875564.43689 -16088982.3708 19992507.7769
17 109805.0317246908 17416718.1623 18126464.1891 8597577.08403
20 109805.0279467177 3504177.32549 19189331.4897 18036612.9168
23 109805.04003084815 18393918.7189 -14805169.8027 12177840.8815
2 109914.77830312267 25199784.1461 4826228.58994 6892568.74081
10 109914.77003360895 -573897.300128 -21275140.6479 15901828.183
13 109914.77603023115 4773864.50157 -14990432.2345 21408555.9159
14 109914.7725772059 26135023.4483 2738168.63929 -3910510.08433
16 109914.77704697735 7153422.24576 -15796824.3081 20127543.298
17 109914.77153998574 17304451.0571 18381631.3926 8276515.46364
20 109914.76771638075 3209352.00857 19423816.6257 17839409.0328
23 109914.78014592826 18447643.5273 -14496165.8432 12464940.0881
2 110024.5284394597 25061881.2344 5056954.34677 7222079.27052
10 110024.5200047902 -274265.891906 -21458239.8568 15661986.7107
13 110024.52619970818 5191557.99625 -14944686.0316 21343223.5674
14 110024.5223297767 26055267.9035 2977746.89982 -4252663.29956
16 110024.52720051697 7429472.79196 -15500592.7691 20257434.8105
17 110024.52135405324 17187740.6652 18632112.8322 7953304.31291
20 110024.51748601717 2913677.65621 19653347.133 17637617.0796
23 110024.53025775595 18496647.2816 -14183420.0858 12748872.1568
2 110134.26857156245 24917571.0807 5286363.69233 7549709.77012
10 110134.25997152903 25408.4605463 -21635825.6847 15418155.1624
13 110134.26636576564 5607883.56058 -14895115.7888 21272429.924
14 110134.2620807066 25968845.397 3216540.55955 -4593695.98873
16 110134.26735270345 7703595.06174 -15200417.6144 20382125.3733
17 110134.26116693756 17066638.1493 18877798.7039 7628085.31914
20 110134.25725571076 2617283.88412 19877822.3916 17431325.5175
23 110134.27036630471 18540908.5004 -13867069.6308 13029512.6192
2 110244.0086993764 24766878.3788 5514418.94428 7875406.42362
10 110243.99993386197 325076.292694 -21807869.5766 15170374.3262
13 110244.00652834491 6022772.66991 -14841730.2103 21196187.4164
14 110244.00183004142 25875771.1035 3454510.31523 -4933552.02097
16 110244.00750352163 7975744.07679 -14896348.9249 20501595.1182
17 110244.00097862992 16941164.0969 19118649.1148 7300912.43125
20 110243.99702548125 2320219.70755 20097206.045 17220569.0079
23 110244.01047158061 18580420.5271 -13547167.1826 13306815.6079
2 110353.75882284985 24609827.1313 5741082.27362 8199115.20561
10 110353.74989182323 624688.139311 -21974342.3775 14918684.5622
13 110353.75668738385 6436156.64399 -14784537.5871 21114507.8856
14 110353.75157783013 25776059.4771 3691616.77438 -5272175.13798
16 110353.75765295241 8245874.64509 -14588436.3599 20615823.6113
17 110353.75078912382 16811338.6216 19354623.6486 6971839.38652
20 110353.74679534741 2022534.06918 20311461.185 17005381.7285
23 110353.7605735891 18615176.1911 -13223765.0605 13580734.8939
2 110463.49894189932 24446486.1864 5966254.31681 8520694.21027
10 110463.4898454615 924112.65837 -22135171.1107 14663196.2053
13 110463.49684277836 6847854.26537 -14723562.9914 21027427.1383
14 110463.49132419017 25669754.229 3927755.99602 -5609416.89668
16 110463.49780093569 8513868.34806 -14276814.9008 20724760.7779
17 110463.49059846479 16677218.6357 19585618.8605 6641010.44192
20 110463.4865653906 1724357.46639 20520493.8879 16785858.0116
23 110463.50067230886 18645160.2567 -12897005.0364 13851150.3983
2 110573.249056487 24276867.6237 6189918.42284 8840119.65748
10 110573.23979481365 1223327.70832 -22290343.884 14403928.1486
13 110573.2469944835 7257835.08956 -14658810.9327 20934951.6148
14 110573.24106914719 25556863.2202 4162910.51866 -5945252.35947
16 110573.2479474659 8779705.368 -13961507.5917 20828398.5625
17 110573.24040662732 16538814.0571 19811617.6692 6308450.06125
20 110573.23633560474 1425711.94823 20724288.6965 16562014.0902
23 110573.25076775764 18670370.5071 -12566911.2737 14118042.1245
2 110682.98916653464 24101045.8007 6411976.54301 9157251.51918
5 110682.97411533855 14955927.1372 21757290.4842 -2961361.42894
10 110682.97973993544 1522202.12112 -22439792.6746 14140994.0487
13 110682.98714239926 7665919.391 -14590309.7971 20837121.8544
14 110682.98081281796 25437435.9394 4396977.25702 -6279534.30531
16 110682.98809248295 9043269.16856 -13642652.6559 20926691.533
17 110682.9802136576 16396185.5588 20032521.003 5974304.03024
20 110682.97610607029 1126728.43289 20922756.2726 16333948.0915
23 110682.99085991735 18690795.8911 -12233628.4777 14381293.0742
2 110792.7392720085 23919033.7198 6632412.2566 9472066.34416
5 110792.72429239003 14773683.8862 21925429.3949 -2615897.08133
10 110792.72968086474 1820713.79594 -22583506.4316 13874413.3494
13 110792.73728647987 8072076.99243 -14518064.6505 20733945.0924
14 110792.73055522893 25311481.2179 4629938.90287 -6612238.01547
16 110792.73823597805 9304540.25963 -13320273.6723 21019632.4209
17 110792.73001953248 16249343.6878 20248312.5271 5638597.05793
20 110792.7258767812 827429.02909 21115881.9403 16101676.88
23 110792.7409488057 18706434.8988 -11897181.2943 14640883.7809
2 110902.47937283645 23730911.1716 6851128.9302 9784426.1256
5 110902.46446926348 14587672.8332 22087936.5991 -2269794.1244
10 110902.46961766496 2118731.87313 -22721422.1554 13604302.913
13 110902.47742662941 8476129.84439 -14442107.1639 20625466.5593
14 110902.47029649875 25179054.271 4861693.33221 -6943217.64178
16 110902.4783778909 9563404.10644 -12994511.9643 21107180.4836
17 110902.4698242973 16098352.8159 20458897.6442 5301476.30944
20 110902.46564781276 527944.941664 21303581.0383 15865302.2771
23 110902.4810344095 18717280.6749 -11557717.2138 14896700.4468
2 111012.22946898744 23536692.0682 7068110.39022 10094307.7652
5 111012.214645901 14397907.7335 22244800.0796 -1923078.15223
10 111012.21955037733 2416234.31521 -22853529.6482 13330682.7137
13 111012.22756280345 8878048.06778 -14362442.9547 20511694.2777
14 111012.2200366529 25040164.8914 5092223.4078 -7272448.70974
16 111012.22851821127 9819841.56644 -12665391.6215 21189329.2471
17 111012.21962792892 15943224.1084 20664260.7825 4962966.71377
20 111012.21541915761 228298.316365 21485839.6869 15624841.762
23 111012.23111674728 18723332.4178 -11215261.3392 15148724.1551
2 111121.96956039737 23336461.5513 7283261.51755 10401575.4189
5 111121.95482218021 14204471.7757 22395951.0711 -1575901.15687
10 111121.9594790687 2713090.70499 -22979770.9982 13053672.6999
13 111121.96769490813 9277655.47161 -14279106.9461 20392678.1231
14 111121.95977581246 24894873.9646 5321428.0716 -7599786.89347
16 111121.96865687643 10073740.2238 -12333056.9226 21266042.6998
17 111121.95943047617 15784025.5699 20864311.9163 4623216.66462
20 111121.9551908904 -71379.489759 21662577.9889 15380400.7459
23 111121.9711958082 18724587.4749 -10869963.7948 15396844.4253
2 111231.70964702913 23130253.4897 7496547.05346 10706178.7318
5 111231.69499802336 14007397.3868 22541365.408 -1228320.50065
10 111231.69940379293 3009252.13736 -23100126.1728 12773319.0533
13 111231.70782289102 9674886.41953 -14192113.3944 20268438.4557
14 111231.69951402406 24743206.3444 5549269.67683 -7925178.42784
16 111231.70879386405 10325058.5216 -11997563.1562 21337308.9235
17 111231.69923193177 15620784.0309 21059018.7552 4282282.40418
20 111231.6949630219 -371039.01347 21833767.5295 15132020.1156
23 111231.71127160596 18721046.2951 -10521881.9579 15641020.8408
2 111341.4597288485 22918101.1051 7707931.53716 11008067.0609
5 111341.4451733553 13806716.6 22681018.3032 -880393.502182
10 111341.44932460145 3304669.63195 -23214574.5017 12489667.5932
13 111341.45794669689 10069675.0178 -14101476.1597 20138995.0696
14 111341.44925133765 24585186.194 5775710.42912 -8248569.33687
16 111341.458929148 10573754.6231 -11658965.2694 21403115.4106
17 111341.44903229113 15453525.884 21248348.4299 3940220.04638
20 111341.44473556239 -670630.789545 21999379.2933 14879740.3309
23 111341.46134415327 18712708.8078 -10171072.9042 15881212.5581
2 111451.19980580143 22700097.4005 7917322.30318 11307108.066
5 111451.1853480523 13602517.3888 22814848.5363 -532272.68438
10 111451.18924156981 3599213.68562 -23323065.8146 12202842.6654
13 111451.19806623881 10461848.201 -14007234.9756 20004404.7104
14 111451.18898787408 24420882.7853 6000651.06306 -8569817.85486
16 111451.19906266512 10819719.5063 -11317411.6951 21463433.3132
17 111451.18883160454 15282324.4511 21432217.9434 3597179.54233
20 111451.18450858394 -970023.484969 22159340.6803 14623671.9846
23 111451.20141344414 18699578.6683 -9817690.4197 16117314.2834
2 111560.94987786467 22476258.4978 8124703.86768 11603279.634
5 111560.93552205215 13394814.8539 22942846.2108 -183983.790578
10 111560.93915474796 3892862.51788 -23425592.0893 11912865.4799
13 111560.9481814769 10851376.9687 -13909396.8116 19864677.3314
14 111560.93872365856 24250308.268 6224074.94525 -8888900.22687
16 111560.94919440149 11062934.9824 -10972927.691 21518258.1712
17 111560.9386298477 15107192.3919 21610613.6993 3253186.25875
20 111560.93428207235 -1269194.96072 22313639.862 14363834.0118
23 111560.95147950042 18681656.8481 -9461760.63667 16349308.5581
2 111670.68994499078 22246682.5231 8329985.31998 11896451.9309
5 111670.67569523012 13183700.0471 23064955.2157 164320.497653
10 111670.67906421715 4185487.40093 -23522108.3818 11619863.1555
13 111670.68829232972 11238090.5612 -13808004.5579 19719874.1864
14 111670.6784588104 24073537.4174 6445884.1328 -9205676.57595
16 111670.68932429422 11303294.4319 -10625664.2706 21567565.9511
17 111670.67842707151 14928206.4798 21783457.4939 2908390.99323
20 111670.67405609874 -1568014.06803 22462209.1977 14100340.3187
23 111670.69154231921 18658951.2039 -9103439.58593 16577093.6818
2 111780.44000716129 22011386.4541 8533151.48015 12186603.2776
5 111780.42586752542 12969188.5804 23181166.5211 512614.423427
10 111780.42897002748 4477066.69625 -23612607.5555 11323857.359
13 111780.43839875777 11621960.3819 -13703065.7128 19570005.984
14 111780.42819335533 23890583.305 6666062.22388 -9520123.47786
16 111780.43945232643 11540780.0807 -10275647.1137 21611353.0068
17 111780.42822325428 14745379.9504 21950736.546 2562819.24221
23 111780.4416019222 18631463.4154 -8742753.76479 16800652.8108
2 111890.18006433558 21770473.4394 8734113.28551 12473606.4794
5 111890.16603881159 12751374.4905 23291429.183 860745.302968
10 111890.16887226694 4767472.58331 -23697049.9387 11024977.8517
13 111890.17850068555 12002818.152 -13594626.2794 19415138.4233
14 111890.16792741383 23701526.1331 6884512.69846 -9832103.0877
16 111890.17957843524 11775287.8211 -9923029.6594 21649600.1434
17 111890.16801844636 14558792.95 22112377.5251 2216622.49523
23 111890.18165831051 18599205.5328 -8379861.28899 17019887.9429
2 111999.93011649864 21523961.2948 8932855.87557 12757440.3132
5 111999.91620902678 12530273.8847 23395735.0477 1208687.39222
10 111999.91877098802 5056683.5877 -23775429.2877 10723246.7351
13 111999.92859807595 12380635.708 -13482694.277 19255282.9572
14 111999.91766101033 23506379.8817 7101219.40305 -10141592.3359
16 111999.92970260241 12006800.3116 -9567837.98345 21682304.533
17 111999.91781262624 14368459.2762 22268368.4787 1869826.35238
23 111999.93171150643 18562179.9419 -8014788.99387 17234782.8663
